6444
7022
2866
158
397
6951
5206
3055
2523
5503
3289
5043
432
6008
3184
6666
1191
2596
1294
6960
3828
371
20
6521
2559
2102
1945
5171
6317
6525
6759
7126
3009
2075
5955
5164
6546
5765
289
6882
438
760
3202
2941
5997
3354
6409
485
1532
5652
5425
5145
2199
5133
5184
6688
5102
6804
6452
6114
6106
6212
4035
2925
2100
2095
6952
6853
823
5365
5783
6027
5298
7032
6779
6139
2658
1658
2120
298
2196
3633
3560
6079
5669
6375
5484
6369
1997
658
2189
32
2455
5580
1702
2142
6226
6290
5981
6448
5538
3591
3526
5321
1692
2982
5894
6831
6354
6999
286
7086
920
2708
6862
6334
2849
3670
2681
2617
5464
425
1923
6640
6327
5367
667
986
116
1366
5581
5595
2074
5892
2677
5068
1035
3245
6913
6176
6878
6540
6675
5632
2354
2894
5073
2121
6004
6826
200
5799
5806
6739
2291
1583
5540
5007
1341
3790
6408
2561
6072
6208
5824
7363
267
2653
1562
1558
313
7023
5933
2666
1490
2066
2973
1315
5514
576
15
6158
2089
